72747
56339
68849
77828
38837
30092
09970
34577
70812
84994
67277
10581
80361
48693
64035
02494
10406
54180
14811
38586
95806
14863
91868
34540
08473
23288
66054
23096
21244
36261
52729
44764
07662
54208
83438
04738
66510
46062
83455
97582
77383
89145
21553
67465
10919
18601
75324
13263
73450
87014
12196
30839
90742
41770
62032
76918
42796
74523
41551
47467
86176
34933
44984
25232
57186
38445
55190
66280
83822
56929
35934
69186
88865
72394
32675
43121
71237
16481
76043
03613
35975
81928
81321
77346
42266
57931
25485
28320
43372
04829
01299
12027
35131
36384
56050
87258
97432
60509
42388
38014